427
157
352
429
67
306
268
172
420
338
114
490
153
201
252
228
263
261
399
453
367
421
409
266
271
360
297
377
223
444
1
450
50
268
28
11
242
88
362
268
119
460
312
498
124
391
484
395
393
289
98
320
357
238
222
151
44
469
283
203
271
322
26
53
413
77
61
57
113
97
49
7
113
28
402
161
100
401
333
377
399
227
248
371
231
283
116
466
470
236
300
213
251
437
116
140
455
406
153
157
309
175
323
305
137
370
225
105
468
435
45
219
128
32
4
390
491
361
418
243
205
152
179
378
450
354
496
50
253
17
254
343
149
394
364
439
380
279
466
346
18
149
439
12
441
94
101
91
302
371
21
156
277
463
205
172
430
366
484
185
72
280
461
314
310
283
196
156
464
135
330
188
496
150
7
21
181
161
308
350
341
100
457
394
8
19
213
68
103
166
197
326
24
115
180
85
99
195
305
37
431
143
334
445
152
109
56
362
410
191
319
478
135
411
80
88
65
421
414
314
57
304
344
273
400
493
220
99
268
287
160
310
206
34
220
477
146
176
348
12
453
165
322
117
98
339
266
341
323
378
29
301
341
142
430
107
127
424
79
335
267
78
43
43
445
59
292
141
419
500
71
390
346
480
287
227
30
234
53
429
231
3
320
142
487
97
476
323
301
378
118
256
185
408
135
243
252
455
462
71
208
111
10
150
170
250
13
473
75
174
195
365
48
345
320
202
75
66
49
332
375
254
344
281
365
322
175
433
329
64
60
89
212
142
393
24
110
390
457
298
221
217
437
455
468
457
194
72
135
199
175
365
167
319
242
263
442
62
447
55
359
198
179
23
52
8
189
205
53
470
411
127
268
398
120
30
42
89
209
318
433
91
71
362
483
41
24
181
240
363
198
96
410
293
145
437
329
242
281
311
280
104
427
422
356
85
43
145
237
469
36
470
390
186
444
390
215
30
151
164
16
202
416
332
51
398
150
30
261
126
274
53
70
122
27
464
50
347
491
449
383
104
53
146
228
277
158
478
191
249
133
403
148
457
436
487
309
118
60
246
160
271
417
456
453
336
147
5
276
48
68
279
120
141
333
442
214
59
197
84
159
90
495
215
164
7
357
465
15
4
65
350
280
377
322
356
261
20
445
338
